# Name=Q51705
# pos	aa	label	Other	Sec/SPI n	Sec/SPI h	Sec/SPI c	Sec/SPII n	Sec/SPII h	Sec/SPII cys	Tat/SPI n	Tat/SPI RR	Tat/SPI h	Tat/SPI c	Tat/SPII n	Tat/SPII RR	Tat/SPII h	Tat/SPII cys	Sec/SPIII P	Sec/SPIII cons.	Sec/SPIII h
1	M	N	0.000000	0.000000	0.000000	0.000000	0.000000	0.000000	0.000000	1.000000	0.000000	0.000000	0.000000	0.000004	0.000000	0.000000	0.000000	0.000000	0.000000	0.000000
2	E	N	0.000000	0.000000	0.000000	0.000000	0.000000	0.000000	0.000000	0.975998	0.023999	0.000000	0.000000	0.000003	0.000001	0.000000	0.000000	0.000000	0.000000	0.000000
3	S	N	0.000000	0.000000	0.000000	0.000000	0.000000	0.000000	0.000000	0.980241	0.019752	0.000000	0.000000	0.000003	0.000000	0.000000	0.000000	0.000000	0.000000	0.000000
4	K	N	0.000000	0.000000	0.000000	0.000000	0.000000	0.000000	0.000000	0.978353	0.021634	0.000000	0.000000	0.000003	0.000001	0.000000	0.000000	0.000000	0.000000	0.000000
5	Q	N	0.000000	0.000000	0.000000	0.000000	0.000000	0.000000	0.000000	0.980199	0.019787	0.000001	0.000000	0.000003	0.000000	0.000000	0.000000	0.000000	0.000000	0.000000
6	E	N	0.000000	0.000000	0.000000	0.000000	0.000000	0.000000	0.000000	0.979873	0.020108	0.000003	0.000000	0.000003	0.000000	0.000000	0.000000	0.000000	0.000000	0.000000
7	K	N	0.000000	0.000000	0.000000	0.000000	0.000000	0.000000	0.000000	0.980763	0.019208	0.000013	0.000000	0.000003	0.000000	0.000000	0.000000	0.000000	0.000000	0.000000
8	G	N	0.000000	0.000000	0.000000	0.000000	0.000000	0.000000	0.000000	0.984871	0.015054	0.000059	0.000000	0.000003	0.000000	0.000000	0.000000	0.000000	0.000000	0.000000
9	L	N	0.000000	0.000000	0.000000	0.000000	0.000000	0.000000	0.000000	0.982747	0.016877	0.000357	0.000000	0.000003	0.000000	0.000000	0.000000	0.000000	0.000000	0.000000
10	S	N	0.000000	0.000000	0.000000	0.000000	0.000000	0.000000	0.000000	0.979254	0.019194	0.001533	0.000000	0.000003	0.000001	0.000000	0.000000	0.000000	0.000000	0.000000
11	R	R	0.000000	0.000000	0.000000	0.000000	0.000000	0.000000	0.000000	0.058196	0.932264	0.009525	0.000000	0.000001	0.000002	0.000000	0.000000	0.000000	0.000000	0.000000
12	R	R	0.000000	0.000000	0.000000	0.000000	0.000000	0.000000	0.000000	0.054647	0.930898	0.014436	0.000000	0.000001	0.000002	0.000000	0.000000	0.000000	0.000000	0.000000
13	A	N	0.000000	0.000000	0.000000	0.000000	0.000000	0.000000	0.000000	0.916291	0.053459	0.030227	0.000000	0.000001	0.000001	0.000001	0.000000	0.000000	0.000000	0.000000
14	L	H	0.000000	0.000000	0.000000	0.000000	0.000000	0.000000	0.000000	0.166990	0.036605	0.796385	0.000000	0.000001	0.000001	0.000001	0.000000	0.000000	0.000000	0.000000
15	L	H	0.000000	0.000000	0.000000	0.000000	0.000000	0.000000	0.000000	0.098290	0.036916	0.864773	0.000000	0.000001	0.000000	0.000002	0.000000	0.000000	0.000000	0.000000
16	G	H	0.000000	0.000000	0.000000	0.000000	0.000000	0.000000	0.000000	0.100198	0.022874	0.876909	0.000000	0.000001	0.000000	0.000002	0.000000	0.000000	0.000000	0.000000
17	A	H	0.000000	0.000000	0.000000	0.000000	0.000000	0.000000	0.000000	0.107547	0.011385	0.881048	0.000000	0.000000	0.000000	0.000002	0.000000	0.000000	0.000000	0.000000
18	T	H	0.000000	0.000000	0.000000	0.000000	0.000000	0.000000	0.000000	0.107710	0.010065	0.882207	0.000000	0.000000	0.000000	0.000002	0.000000	0.000000	0.000000	0.000000
19	A	H	0.000000	0.000000	0.000000	0.000000	0.000000	0.000000	0.000000	0.108496	0.008903	0.882583	0.000001	0.000000	0.000000	0.000002	0.000000	0.000000	0.000000	0.000000
20	G	H	0.000001	0.000000	0.000000	0.000000	0.000000	0.000000	0.000000	0.105865	0.011400	0.882713	0.000004	0.000000	0.000000	0.000002	0.000000	0.000000	0.000000	0.000000
21	G	H	0.000002	0.000000	0.000000	0.000000	0.000000	0.000000	0.000000	0.107360	0.009862	0.882749	0.000013	0.000000	0.000000	0.000002	0.000000	0.000000	0.000000	0.000000
22	A	H	0.000008	0.000000	0.000000	0.000000	0.000000	0.000000	0.000000	0.110326	0.006879	0.882734	0.000038	0.000000	0.000000	0.000002	0.000000	0.000000	0.000000	0.000000
23	A	H	0.000022	0.000000	0.000000	0.000000	0.000000	0.000000	0.000000	0.110285	0.006915	0.882638	0.000125	0.000000	0.000000	0.000002	0.000000	0.000000	0.000000	0.000000
24	V	H	0.000055	0.000000	0.000000	0.000000	0.000000	0.000000	0.000000	0.109929	0.007268	0.882243	0.000491	0.000000	0.000000	0.000002	0.000000	0.000000	0.000000	0.000000
25	A	H	0.000143	0.000000	0.000000	0.000000	0.000000	0.000000	0.000000	0.109701	0.007496	0.880459	0.002187	0.000000	0.000000	0.000002	0.000000	0.000000	0.000000	0.000000
26	G	H	0.000350	0.000000	0.000000	0.000000	0.000000	0.000000	0.000000	0.110167	0.007033	0.874140	0.008297	0.000000	0.000000	0.000002	0.000000	0.000000	0.000000	0.000000
27	A	H	0.000670	0.000000	0.000000	0.000000	0.000000	0.000000	0.000000	0.112164	0.005040	0.837864	0.044250	0.000000	0.000000	0.000002	0.000000	0.000000	0.000000	0.000000
28	F	H	0.001455	0.000000	0.000000	0.000000	0.000000	0.000000	0.000000	0.111045	0.006160	0.725713	0.155614	0.000000	0.000000	0.000001	0.000000	0.000000	0.000000	0.000000
29	G	H	0.003196	0.000000	0.000000	0.000000	0.000000	0.000000	0.000000	0.109290	0.007915	0.581260	0.298328	0.000000	0.000000	0.000001	0.000000	0.000000	0.000000	0.000000
30	G	H	0.008349	0.000000	0.000000	0.000000	0.000000	0.000000	0.000000	0.106068	0.011135	0.475297	0.399143	0.000000	0.000000	0.000001	0.000000	0.000000	0.000000	0.000000
31	R	H	0.020180	0.000000	0.000000	0.000000	0.000000	0.000000	0.000000	0.102525	0.014671	0.347700	0.514913	0.000000	0.000000	0.000001	0.000000	0.000000	0.000000	0.000000
32	L	H	0.094874	0.000000	0.000000	0.000000	0.000000	0.000000	0.000000	0.095274	0.021913	0.305999	0.481929	0.000000	0.000000	0.000001	0.000000	0.000000	0.000000	0.000000
33	A	H	0.123891	0.000000	0.000000	0.000000	0.000000	0.000000	0.000000	0.090695	0.026477	0.266599	0.492329	0.000000	0.000000	0.000000	0.000000	0.000000	0.000000	0.000000
34	L	C	0.173821	0.000000	0.000000	0.000000	0.000000	0.000000	0.000000	0.085259	0.031883	0.223097	0.485931	0.000000	0.000000	0.000000	0.000000	0.000000	0.000000	0.000000
35	G	C	0.237229	0.000000	0.000000	0.000000	0.000000	0.000000	0.000000	0.084579	0.032526	0.181980	0.463677	0.000000	0.000000	0.000000	0.000000	0.000000	0.000000	0.000000
36	P	C	0.270095	0.000000	0.000000	0.000000	0.000000	0.000000	0.000000	0.086298	0.030733	0.174291	0.438573	0.000000	0.000000	0.000000	0.000000	0.000000	0.000000	0.000000
37	A	O	0.313349	0.000000	0.000000	0.000000	0.000000	0.000000	0.000000	0.092114	0.024804	0.172616	0.397108	0.000000	0.000000	0.000000	0.000000	0.000000	0.000000	0.000000
38	A	O	0.329619	0.000000	0.000000	0.000000	0.000000	0.000000	0.000000	0.090543	0.026108	0.171961	0.381759	0.000000	0.000000	0.000000	0.000000	0.000000	0.000000	0.000000
39	L	O	0.334377	0.000000	0.000000	0.000000	0.000000	0.000000	0.000000	0.087078	0.029171	0.171828	0.377532	0.000000	0.000000	0.000000	0.000000	0.000000	0.000000	0.000000
40	G	O	0.337246	0.000000	0.000000	0.000000	0.000000	0.000000	0.000000	0.091603	0.024116	0.171823	0.375201	0.000000	0.000000	0.000000	0.000000	0.000000	0.000000	0.000000
41	L	O	0.341413	0.000000	0.000000	0.000000	0.000000	0.000000	0.000000	0.084936	0.030042	0.172026	0.371574	0.000000	0.000000	0.000000	0.000000	0.000000	0.000000	0.000000
42	G	O	0.349986	0.000000	0.000000	0.000000	0.000000	0.000000	0.000000	0.095265	0.018671	0.172505	0.363564	0.000000	0.000000	0.000000	0.000000	0.000000	0.000000	0.000000
43	T	O	0.364284	0.000000	0.000000	0.000000	0.000000	0.000000	0.000000	0.093424	0.018416	0.173891	0.349976	0.000000	0.000000	0.000000	0.000000	0.000000	0.000000	0.000000
44	A	O	0.378681	0.000000	0.000000	0.000000	0.000000	0.000000	0.000000	0.092701	0.015596	0.176460	0.336554	0.000000	0.000000	0.000000	0.000000	0.000000	0.000000	0.000000
45	G	O	0.396084	0.000000	0.000000	0.000000	0.000000	0.000000	0.000000	0.081188	0.021123	0.180753	0.320846	0.000000	0.000000	0.000000	0.000000	0.000000	0.000000	0.000000
46	V	O	0.412428	0.000000	0.000000	0.000000	0.000000	0.000000	0.000000	0.081299	0.013154	0.185715	0.307399	0.000000	0.000000	0.000000	0.000000	0.000000	0.000000	0.000000
47	A	O	0.433215	0.000000	0.000000	0.000000	0.000000	0.000000	0.000000	0.066608	0.017682	0.189151	0.293341	0.000000	0.000000	0.000000	0.000000	0.000000	0.000000	0.000000
48	T	O	0.442747	0.000000	0.000000	0.000000	0.000000	0.000000	0.000000	0.052975	0.017085	0.196208	0.290985	0.000000	0.000000	0.000000	0.000000	0.000000	0.000000	0.000000
49	V	O	0.453586	0.000000	0.000000	0.000000	0.000000	0.000000	0.000000	0.045896	0.008766	0.201682	0.290067	0.000000	0.000000	0.000000	0.000000	0.000000	0.000000	0.000000
50	A	O	0.461970	0.000000	0.000000	0.000000	0.000000	0.000000	0.000000	0.031647	0.004742	0.203925	0.297717	0.000000	0.000000	0.000000	0.000000	0.000000	0.000000	0.000000
51	G	O	0.471294	0.000000	0.000000	0.000000	0.000000	0.000000	0.000000	0.015899	0.002984	0.200789	0.309035	0.000000	0.000000	0.000000	0.000000	0.000000	0.000000	0.000000
52	S	O	0.483597	0.000000	0.000000	0.000000	0.000000	0.000000	0.000000	0.007240	0.001669	0.174537	0.332960	0.000000	0.000000	0.000000	0.000000	0.000000	0.000000	0.000000
53	G	O	0.503863	0.000000	0.000000	0.000000	0.000000	0.000000	0.000000	0.003427	0.000793	0.115099	0.376820	0.000000	0.000000	0.000000	0.000000	0.000000	0.000000	0.000000
54	A	O	0.522023	0.000000	0.000000	0.000000	0.000000	0.000000	0.000000	0.001462	0.000231	0.096012	0.380274	0.000000	0.000000	0.000000	0.000000	0.000000	0.000000	0.000000
55	A	O	0.544623	0.000000	0.000000	0.000000	0.000000	0.000000	0.000000	0.000454	0.000025	0.005209	0.449693	0.000000	0.000000	0.000000	0.000000	0.000000	0.000000	0.000000
56	L	O	0.591284	0.000000	0.000000	0.000000	0.000000	0.000000	0.000000	0.000043	0.000009	0.000797	0.407873	0.000000	0.000000	0.000000	0.000000	0.000000	0.000000	0.000000
57	A	O	0.651734	0.000000	0.000000	0.000000	0.000000	0.000000	0.000000	0.000016	0.000002	0.000054	0.348199	0.000000	0.000000	0.000000	0.000000	0.000000	0.000000	0.000000
58	A	O	0.968717	0.000000	0.000000	0.000000	0.000000	0.000000	0.000000	0.000003	0.000000	0.000021	0.031267	0.000000	0.000000	0.000000	0.000000	0.000000	0.000000	0.000000
59	S	O	0.994368	0.000000	0.000000	0.000000	0.000000	0.000000	0.000000	0.000001	0.000000	0.000004	0.005633	0.000000	0.000000	0.000000	0.000000	0.000000	0.000000	0.000000
60	G	O	0.999010	0.000000	0.000000	0.000000	0.000000	0.000000	0.000000	0.000000	0.000000	0.000001	0.000996	0.000000	0.000000	0.000000	0.000000	0.000000	0.000000	0.000000
61	D	O	0.999843	0.000000	0.000000	0.000000	0.000000	0.000000	0.000000	0.000000	0.000000	0.000000	0.000162	0.000000	0.000000	0.000000	0.000000	0.000000	0.000000	0.000000
62	G	O	0.999976	0.000000	0.000000	0.000000	0.000000	0.000000	0.000000	0.000000	0.000000	0.000000	0.000028	0.000000	0.000000	0.000000	0.000000	0.000000	0.000000	0.000000
63	S	O	0.999998	0.000000	0.000000	0.000000	0.000000	0.000000	0.000000	0.000000	0.000000	0.000000	0.000005	0.000000	0.000000	0.000000	0.000000	0.000000	0.000000	0.000000
64	V	O	1.000000	0.000000	0.000000	0.000000	0.000000	0.000000	0.000000	0.000000	0.000000	0.000000	0.000001	0.000000	0.000000	0.000000	0.000000	0.000000	0.000000	0.000000
65	A	O	1.000000	0.000000	0.000000	0.000000	0.000000	0.000000	0.000000	0.000000	0.000000	0.000000	0.000000	0.000000	0.000000	0.000000	0.000000	0.000000	0.000000	0.000000
66	P	O	1.000000	0.000000	0.000000	0.000000	0.000000	0.000000	0.000000	0.000000	0.000000	0.000000	0.000000	0.000000	0.000000	0.000000	0.000000	0.000000	0.000000	0.000000
67	G	O	0.999999	0.000000	0.000000	0.000000	0.000000	0.000000	0.000000	0.000000	0.000000	0.000000	0.000000	0.000000	0.000000	0.000000	0.000000	0.000000	0.000000	0.000000
68	Q	O	0.999999	0.000000	0.000000	0.000000	0.000000	0.000000	0.000000	0.000000	0.000000	0.000000	0.000000	0.000000	0.000000	0.000000	0.000000	0.000000	0.000000	0.000000
69	L	O	1.000000	0.000000	0.000000	0.000000	0.000000	0.000000	0.000000	0.000000	0.000000	0.000000	0.000000	0.000000	0.000000	0.000000	0.000000	0.000000	0.000000	0.000000
70	D	O	0.999997	0.000000	0.000000	0.000000	0.000000	0.000000	0.000000	0.000000	0.000000	0.000000	0.000000	0.000000	0.000000	0.000000	0.000000	0.000000	0.000000	0.000000
